positive/highway_mp4-0_jpg.rf.1204e11892cd3648b78f42b5586757f2.jpg 8 111 303 50 51 227 281 33 40 378 266 37 34 261 249 25 27 255 233 23 23 342 237 21 21 340 225 14 17 273 212 20 18
positive/highway_mp4-0_jpg.rf.2c3f1bf78224c0dce3c9c580abaa5e89.jpg 6 108 294 55 66 222 273 40 50 258 249 29 27 254 231 25 24 382 269 33 30 342 232 21 26
positive/highway_mp4-0_jpg.rf.a68044a498d37475390572d6e724144f.jpg 8 111 305 47 50 226 280 35 40 258 246 29 33 252 231 24 28 375 267 39 33 340 237 23 21 337 224 21 22 348 217 13 18
positive/highway_mp4-100_jpg.rf.d1120b1bc12a1594807ed16c5a6bc61b.jpg 3 97 362 121 183 369 235 88 95 249 99 30 30
positive/highway_mp4-101_jpg.rf.26e68b12ec6c486a99f6c54308c1ae96.jpg 5 342 140 43 45 396 137 33 39 229 120 32 31 354 114 25 22 260 100 21 20
positive/highway_mp4-101_jpg.rf.5b36094012e276fba11edb657b4680f4.jpg 5 227 119 34 33 258 97 22 23 350 149 31 31 390 139 44 35 354 114 27 25
positive/highway_mp4-101_jpg.rf.731da9ac3b8291b773a7cf024514dc13.jpg 5 228 119 30 33 347 136 33 49 401 139 28 43 354 112 26 26 261 98 19 24
positive/highway_mp4-102_jpg.rf.9405b59937a79822c7fb84e85dc5528d.jpg 7 452 165 49 41 395 187 61 54 372 113 24 26 175 153 47 49 237 111 27 35 289 99 20 22 339 113 21 25
positive/highway_mp4-102_jpg.rf.d1308811353352acbeaab16132262da2.jpg 7 177 156 42 45 237 116 29 31 398 188 56 57 456 161 42 48 340 111 23 32 371 116 26 24 291 99 18 20
positive/highway_mp4-102_jpg.rf.ebf20c9320e63f14428ef6a6fb144f7c.jpg 6 450 159 57 51 396 183 61 58 175 154 45 49 236 110 29 36 336 111 27 30 372 113 28 28
positive/highway_mp4-103_jpg.rf.356eefe0b7b18e537bedb33c36f3c39e.jpg 8 416 204 59 63 0 299 60 112 199 143 32 49 369 132 29 40 402 125 32 31 282 113 24 28 337 100 15 15 363 102 19 19
positive/highway_mp4-103_jpg.rf.ce98554ae0a0ca8960c2fa6238270adb.jpg 9 417 201 59 70 2 298 59 122 198 145 33 45 365 131 35 41 403 118 30 41 283 111 21 30 336 88 22 32 364 99 15 24 261 93 19 27
positive/highway_mp4-103_jpg.rf.fa7a356c9d004be97e991ded394edf6d.jpg 8 193 138 41 53 416 200 59 73 1 294 58 119 368 135 26 30 404 126 29 24 285 111 19 29 361 102 19 16 262 87 15 33
positive/highway_mp4-104_jpg.rf.6ac2f1ac7e89c093a1b9bc5dd4058400.jpg 6 8 246 113 117 264 138 30 40 370 140 35 36 240 105 34 30 351 111 24 24 381 108 22 26
positive/highway_mp4-104_jpg.rf.bc51d924259f115ef6ee16c1def50092.jpg 6 19 242 100 128 261 134 39 50 240 109 34 34 367 138 40 43 351 111 23 25 383 111 16 18
positive/highway_mp4-104_jpg.rf.c67008e385536db6d717dca2edb8a4c3.jpg 0
positive/highway_mp4-105_jpg.rf.3116f96e8f4cbc879827cc977989fdab.jpg 5 586 471 53 113 216 200 59 88 200 121 56 56 354 115 28 28 250 98 29 34
positive/highway_mp4-105_jpg.rf.682b6547dcdc903f3fb70944cf511be7.jpg 7 208 197 74 95 593 466 46 137 201 118 49 57 354 113 27 25 345 96 18 23 245 102 33 25 283 92 18 20
positive/highway_mp4-105_jpg.rf.916a7a69f29fd19d0d14cf9d1d8bfe77.jpg 5 256 102 17 25 356 117 23 23 204 209 74 75 202 114 51 66 591 464 48 138
positive/highway_mp4-106_jpg.rf.5d3c88816af9e39e54e239b3651f921e.jpg 4 394 182 64 60 87 155 104 123 216 114 45 41 274 98 18 30
positive/highway_mp4-106_jpg.rf.d4a753ae005698099476339fba25495c.jpg 6 85 159 110 120 171 140 33 50 219 114 20 21 234 122 22 25 401 186 46 52 276 101 18 22
positive/highway_mp4-106_jpg.rf.f1cc19795264e2cab5d91f3e3e54ad3b.jpg 5 69 138 133 147 175 144 27 38 220 116 21 19 235 123 20 24 402 182 48 63
positive/highway_mp4-107_jpg.rf.28b91c33adae055af11eb04958a278d4.jpg 6 173 133 38 37 182 154 36 48 256 119 22 29 360 133 36 38 28 219 77 70 289 109 15 20
positive/highway_mp4-107_jpg.rf.86fc218d8f8509e3cb85b248f6258ea4.jpg 5 24 218 87 76 179 153 43 54 174 139 37 36 253 121 32 27 365 134 34 40
positive/highway_mp4-107_jpg.rf.cce162668234ab1baa6db219566f41b5.jpg 5 30 223 77 66 168 149 60 58 180 138 30 30 257 119 25 31 363 134 33 32
positive/highway_mp4-108_jpg.rf.45069bb869dc837abd643d8a04c87d64.jpg 7 2 273 70 153 67 188 68 65 216 149 40 51 259 113 20 30 278 128 16 25 354 111 18 25 290 106 16 29
positive/highway_mp4-108_jpg.rf.8d91ed064b4d30c91667c017d98b0385.jpg 8 0 271 70 153 64 185 67 72 216 153 37 54 261 120 19 25 273 127 24 27 351 114 22 21 287 108 18 19 273 105 20 18
positive/highway_mp4-108_jpg.rf.a26aa3e81adec723f1849b2043e0ee09.jpg 7 1 266 73 156 63 186 78 69 215 149 47 54 260 118 22 26 276 122 21 34 351 107 26 28 291 105 16 24
positive/highway_mp4-109_jpg.rf.52098f821eca8aa9d3a35abc363f33ef.jpg 7 43 292 101 143 370 207 50 68 249 159 30 57 222 148 36 47 277 131 19 27 260 120 19 29 254 99 19 27
positive/highway_mp4-109_jpg.rf.b5c2e7ee15f0cc8b2b9dc956a96ad6cd.jpg 9 36 296 110 140 373 203 50 67 226 150 27 40 245 162 34 51 258 119 20 25 270 129 28 32 344 95 18 23 255 101 18 21 287 98 21 21
positive/highway_mp4-109_jpg.rf.c28ba7777503546d738adb3857595e17.jpg 9 29 294 124 148 372 208 51 56 247 162 32 48 225 151 29 40 258 117 21 30 271 128 28 32 345 96 19 22 293 100 13 19 257 104 16 18
positive/highway_mp4-10_jpg.rf.41cc89a0fe4d1072689e714aa19b4bde.jpg 9 182 312 35 45 257 306 31 39 348 312 31 37 357 266 24 25 243 282 33 31 227 274 22 21 195 280 34 38 254 260 14 15 267 260 13 16
positive/highway_mp4-10_jpg.rf.a87770f8dcc27438884ae0671e6d4c48.jpg 7 174 306 50 49 251 299 44 45 350 313 28 33 360 267 19 24 202 287 23 24 229 272 16 24 246 281 29 33
positive/highway_mp4-10_jpg.rf.fb221c802a72b3b02d737730247658da.jpg 7 182 309 34 44 255 308 35 34 346 308 32 39 245 282 30 31 226 274 24 21 200 287 31 24 360 271 21 21
positive/highway_mp4-110_jpg.rf.383161c9b1436385c6171c7781200fe7.jpg 10 69 362 117 219 77 270 94 92 227 182 54 68 394 182 80 68 344 134 31 36 227 155 27 44 283 113 24 30 228 116 30 33 341 87 16 23 273 85 15 22
positive/highway_mp4-110_jpg.rf.6d93bc1da179ffa0bad02fba94a29fc3.jpg 10 63 362 122 225 402 185 71 54 93 268 72 100 345 138 32 31 239 185 39 60 223 158 32 37 228 122 30 27 246 104 18 14 279 116 24 28 343 90 14 16
positive/highway_mp4-110_jpg.rf.d7533b3a6982dccc8befcd54aa40839a.jpg 10 63 364 132 216 93 266 71 111 231 189 49 55 217 156 42 41 228 122 29 26 280 116 26 29 347 139 31 30 412 185 38 59 245 99 25 22 344 92 12 13
positive/highway_mp4-111_jpg.rf.545a8ea3361b4b934f1407bc0a714347.jpg 8 72 279 92 118 172 155 50 47 261 151 33 34 210 113 43 33 366 130 48 38 339 109 19 28 0 0 0 0 263 101 16 21
positive/highway_mp4-112_jpg.rf.562ce842cfd1856069675f1ec444e300.jpg 5 2 279 69 125 183 246 67 94 174 137 37 46 239 119 29 24 349 110 36 21
positive/highway_mp4-112_jpg.rf.6c3bceb0aebe60c01a054ade075b1ed9.jpg 5 3 287 59 123 193 248 54 96 163 138 61 47 231 118 45 19 349 111 38 24
positive/highway_mp4-112_jpg.rf.937d04298a6aa02571d47e999f3f515b.jpg 6 180 248 84 94 5 282 64 123 173 134 40 54 237 116 37 28 357 105 17 29 335 99 13 18
positive/highway_mp4-113_jpg.rf.3653603b564b33ddf6fb789a6e6023ae.jpg 4 32 205 77 94 196 143 41 43 253 101 29 22 345 95 19 22
positive/highway_mp4-113_jpg.rf.37e532a8bbd1e739f6411797129ff8e5.jpg 5 27 203 88 90 172 136 77 57 246 91 4 6 246 91 34 34 342 95 27 26
positive/highway_mp4-113_jpg.rf.b6f251a1f9ff491fd0ac5c5fb1a785f2.jpg 3 18 195 95 98 197 131 47 61 345 96 26 23
positive/highway_mp4-114_jpg.rf.d038867ef86025e119cc96f6608193fe.jpg 4 66 230 77 85 414 235 115 86 435 169 65 55 231 108 33 40
positive/highway_mp4-115_jpg.rf.f2de9aac3cd3e99137bcca9e2f8afb39.jpg 10 173 151 59 52 188 122 38 32 0 0 0 0 244 121 39 40 375 145 38 45 465 205 101 79 388 124 39 31 255 107 18 15 274 106 1 1 273 100 23 28
positive/highway_mp4-116_jpg.rf.1c8b3baf37007ebf3161b01f63949c66.jpg 10 3 264 86 149 110 167 43 60 198 154 54 73 229 119 23 31 257 125 26 23 353 116 27 25 375 107 14 21 399 138 46 38 480 213 61 76 585 246 54 91
positive/highway_mp4-116_jpg.rf.74d4c0318a1299cc8104ddbffcc7a79c.jpg 10 0 258 85 140 99 159 57 70 191 162 72 61 224 119 29 30 258 122 23 29 358 119 21 18 372 108 21 20 406 143 38 31 481 200 57 87 580 239 59 99
positive/highway_mp4-116_jpg.rf.f3ff655c0cb8e9c418c2256026e03c3d.jpg 10 4 269 82 141 99 161 73 80 194 158 64 65 221 120 32 29 252 116 31 39 352 117 27 30 375 111 18 14 403 141 41 33 466 195 83 97 573 237 63 107
positive/highway_mp4-117_jpg.rf.4c7c0138102c0dc0f4adeb399d804fcb.jpg 10 7 344 101 220 180 153 35 51 219 152 41 67 256 108 14 17 344 101 19 23 379 113 24 26 402 143 37 32 455 155 41 49 446 204 84 67 566 236 72 83
positive/highway_mp4-117_jpg.rf.5a53aaf41e9cdc250a2809326719b6a0.jpg 12 3 323 102 241 0 0 0 0 176 144 37 64 215 152 40 65 252 104 24 27 343 104 23 17 363 94 17 21 375 115 33 25 402 143 36 42 457 152 43 57 458 201 62 62 566 236 73 101
positive/highway_mp4-117_jpg.rf.ee3699eea92888dd2928eaaeac95aaf4.jpg 11 2 323 112 251 174 153 42 51 216 158 43 57 253 103 20 24 341 102 25 16 360 98 18 15 381 118 20 19 400 145 33 36 444 144 59 69 455 196 67 67 569 239 70 81
positive/highway_mp4-118_jpg.rf.d85695db5fb2a14e140557e7cbdea3a2.jpg 12 0 254 89 126 18 341 108 153 232 121 28 28 254 108 19 14 257 89 19 21 450 161 45 43 395 145 33 20 415 125 25 27 371 112 29 30 363 96 19 21 574 230 65 97 568 320 70 100
positive/highway_mp4-119_jpg.rf.b385b3ac025adb10ae0d6994ceef1baa.jpg 8 172 152 40 52 224 119 36 34 366 119 26 19 387 110 21 24 414 131 20 24 429 164 47 54 459 157 36 37 475 213 98 101
positive/highway_mp4-11_jpg.rf.5680190835557e4890281dfd671f40f0.jpg 8 1 383 98 141 170 371 96 113 208 295 44 67 127 297 55 53 189 278 42 24 221 255 25 20 333 262 26 20 350 244 19 10
positive/highway_mp4-11_jpg.rf.664f8dd1192b55270222fe2346854722.jpg 7 0 367 101 154 182 351 70 149 207 300 48 49 128 293 52 57 192 275 33 32 222 254 21 24 336 264 21 18
positive/highway_mp4-11_jpg.rf.682128f8886be92dba465a09a1005b9d.jpg 9 0 385 111 126 191 371 53 98 207 293 41 62 135 297 40 53 188 269 35 34 225 257 19 20 339 260 21 27 256 253 15 11 240 249 13 14
positive/highway_mp4-120_jpg.rf.05b5413073eb54139c2de669f757235b.jpg 8 0 301 53 133 182 162 39 35 227 107 24 24 451 159 57 68 405 151 51 35 387 125 29 36 417 126 18 29 390 113 15 16
positive/highway_mp4-120_jpg.rf.461f277d87b82b4a80b3299f4299d4c9.jpg 8 0 310 60 124 171 152 51 61 224 111 32 20 465 161 45 56 409 145 38 43 384 127 30 37 419 123 16 29 389 116 24 12
positive/highway_mp4-120_jpg.rf.e46775df655654b87f3f6a665633b3ae.jpg 8 0 309 59 118 174 161 45 48 225 108 27 23 459 169 51 55 405 146 45 42 390 128 24 30 412 125 21 30 388 111 20 23
positive/highway_mp4-121_jpg.rf.476eed6d97c63c81a0b2a3f80ce1b46d.jpg 10 0 291 67 132 203 119 26 34 413 129 34 34 531 215 76 72 378 121 26 22 395 104 13 22 367 108 30 20 228 98 30 33 259 97 18 21 275 96 16 25
positive/highway_mp4-121_jpg.rf.8ba5389c03bffab32bf41a7d7995065f.jpg 10 0 302 68 116 203 120 27 32 239 107 18 15 253 89 22 28 271 90 23 32 537 218 77 77 416 126 24 36 380 118 21 27 395 111 15 20 367 107 21 20
positive/highway_mp4-121_jpg.rf.c525c3e15c85a29548d438d7a0d3675b.jpg 10 0 293 71 120 197 113 33 42 515 209 108 92 408 126 40 41 379 118 28 28 370 105 21 25 395 110 12 13 237 101 21 30 259 94 18 25 277 96 13 25
positive/highway_mp4-122_jpg.rf.0a690f46feb8f3e8c7bad46456d058ff.jpg 8 200 123 39 37 149 143 40 46 254 119 33 26 243 114 18 32 446 214 93 86 428 152 54 36 386 106 27 28 367 102 19 21
positive/highway_mp4-122_jpg.rf.507bf8a6f3b46d9f046ad88cb339e36e.jpg 7 152 143 40 45 211 117 22 46 242 110 21 27 260 114 21 33 437 145 44 41 442 213 99 98 389 110 21 22
positive/highway_mp4-122_jpg.rf.9b909d448c772a0db1f4bf10cf502dfc.jpg 7 141 141 52 47 206 115 28 51 239 106 21 38 258 110 25 42 437 143 46 39 440 212 99 94 384 110 38 28
positive/highway_mp4-123_jpg.rf.fdc58fb6011382d7b3bdf26357b492ef.jpg 9 2 200 105 92 124 170 68 80 188 126 39 55 222 140 29 66 375 137 62 48 459 172 64 53 410 341 103 132 494 321 121 107 401 120 31 27
positive/highway_mp4-124_jpg.rf.967639e64186201bafa1526c8f12e780.jpg 9 65 209 78 99 17 261 135 212 347 162 45 50 394 163 44 49 451 159 63 49 552 240 86 63 415 132 35 32 373 113 27 26 382 99 26 22
positive/highway_mp4-125_jpg.rf.5d1e4fe3381e6a0fd077311e3d437c77.jpg 9 478 321 133 134 475 188 55 63 450 149 38 48 413 130 27 26 366 125 23 29 343 126 27 28 386 116 29 22 274 102 19 26 365 96 14 17
positive/highway_mp4-125_jpg.rf.8180cea27e7bffd545d4fecbd47d7cb0.jpg 7 474 324 161 139 461 197 81 58 438 152 56 39 417 132 26 25 364 128 28 27 338 127 25 29 273 103 18 20
positive/highway_mp4-125_jpg.rf.d12d4ccccf505978958d549bdd85a08e.jpg 13 264 100 32 29 340 119 29 41 340 119 29 41 340 119 29 41 340 119 29 41 340 119 29 41 340 119 29 41 361 119 31 36 389 114 25 22 413 130 30 29 447 154 38 40 470 189 63 68 488 333 142 123
positive/highway_mp4-126_jpg.rf.bf70034f182145989f2398ccb7355851.jpg 9 255 120 26 27 264 92 17 20 331 106 24 21 351 109 22 19 385 165 47 49 401 140 30 25 409 129 18 15 389 113 21 18 379 104 10 12
positive/highway_mp4-127_jpg.rf.d33ccd4edd777ef3a219035a25f26214.jpg 12 215 153 42 51 245 98 30 32 357 127 40 31 464 164 54 50 566 302 73 126 373 113 18 19 389 110 12 15 0 0 0 0 332 95 15 18 346 96 13 20 365 93 14 13 379 99 10 13
positive/highway_mp4-128_jpg.rf.002fbdd6bc3b2fbbd19b390ae06e05a5.jpg 9 31 293 134 150 209 120 41 36 257 87 22 17 347 105 22 24 409 119 41 48 420 153 50 55 467 200 85 97 373 101 16 13 356 95 20 18
positive/highway_mp4-128_jpg.rf.61f5ebe4d18e0d2ce9535f27492ca790.jpg 9 38 300 119 141 464 215 93 72 422 166 57 48 414 128 35 33 350 105 20 21 216 128 38 30 258 87 17 20 357 95 14 17 376 101 15 13
positive/highway_mp4-128_jpg.rf.8ac4741cd2da55de1ed4358e5e75b13f.jpg 10 38 278 116 163 469 218 92 73 421 158 60 54 410 122 42 39 347 105 32 27 218 119 39 36 256 88 22 21 371 98 20 19 358 95 16 17 287 83 17 12
positive/highway_mp4-129_jpg.rf.5790190962449ff61633dd2dc24d2176.jpg 8 134 161 64 79 493 229 73 69 404 143 43 37 386 127 34 29 385 111 34 22 341 95 21 17 240 97 28 22 275 93 24 20
positive/highway_mp4-129_jpg.rf.a152c736009930fc774bab1388282f77.jpg 8 125 164 70 72 489 221 69 79 402 140 41 45 386 125 33 32 390 112 27 19 344 92 18 21 282 94 20 19 248 92 21 30
positive/highway_mp4-129_jpg.rf.d2b34bae6bdc862f74af391e5459916e.jpg 8 140 164 53 83 489 222 81 83 404 146 45 30 386 125 33 30 395 111 21 15 344 95 18 15 245 96 16 23 283 92 14 15
positive/highway_mp4-12_jpg.rf.026bfe7da762828319e45f2f2c45805a.jpg 9 6 363 123 187 96 245 64 77 188 208 31 37 207 198 27 29 234 188 26 50 323 184 28 17 448 259 76 74 434 332 98 92 263 165 18 20
positive/highway_mp4-12_jpg.rf.03265d2db2d631cddb5f514840cb1919.jpg 9 3 366 134 185 103 242 52 83 188 210 29 31 211 196 25 25 231 197 34 29 266 167 19 19 325 182 31 23 436 259 98 74 437 319 87 88
positive/highway_mp4-12_jpg.rf.91a4f2325a37d28d34d1856741e0e3be.jpg 15 5 365 157 165 97 231 64 95 186 207 31 41 211 200 22 24 236 200 21 26 236 200 21 26 236 200 21 26 236 200 21 26 236 200 21 26 236 200 21 26 236 200 21 26 236 200 21 26 434 323 110 115 445 249 77 88 335 179 14 24
positive/highway_mp4-130_jpg.rf.25ddb346a5851fcdb26a6b6c1a34e6c2.jpg 11 501 176 52 72 406 146 36 39 383 122 24 19 367 105 5 1 367 105 21 25 378 101 17 16 269 105 27 26 213 103 36 42 270 85 23 17 299 84 10 12 343 87 10 14
positive/highway_mp4-130_jpg.rf.512e6d97f91e6e904c09d683d985ba7e.jpg 9 221 110 27 28 265 107 26 24 270 83 21 22 297 79 14 19 371 105 15 20 383 117 17 21 410 143 27 36 491 185 68 60 342 83 16 21
positive/highway_mp4-130_jpg.rf.aa3a51fcc019fefddba4c4934f45ff80.jpg 10 215 104 36 34 260 98 34 36 275 83 18 24 296 85 16 12 358 104 26 27 383 116 18 35 383 101 13 18 402 143 48 38 497 170 64 81 340 83 16 20
positive/highway_mp4-131_jpg.rf.214d7d0c682c23d1b9bf66a7dc29e85d.jpg 9 175 137 43 29 236 123 41 43 265 89 20 21 289 89 25 17 375 105 25 39 418 128 52 47 431 169 66 61 571 240 66 100 583 429 53 138
positive/highway_mp4-131_jpg.rf.4af6946d6172c00a289cd82efc486e20.jpg 9 173 113 43 65 244 121 40 47 264 94 24 17 291 89 20 23 380 115 20 29 437 130 30 48 433 171 61 62 557 220 81 130 576 423 62 140
positive/highway_mp4-131_jpg.rf.e489a8b9f4943779655d4f13de13e078.jpg 9 172 125 51 49 242 118 36 54 265 95 20 17 293 86 21 27 373 116 31 27 435 133 32 37 433 171 68 67 552 218 86 133 570 423 68 159
positive/highway_mp4-132_jpg.rf.06cdf9188fe1f1d8ea47cc050ce16eff.jpg 9 64 170 66 111 151 188 83 100 250 105 26 27 284 100 24 27 362 103 21 21 442 152 63 49 407 184 57 54 388 134 35 30 400 116 27 24
positive/highway_mp4-132_jpg.rf.a589751608d359574bb8fe5d4315869a.jpg 10 69 188 54 75 169 192 61 90 404 176 51 69 440 156 56 45 393 131 31 33 425 142 3 2 405 116 23 28 363 101 22 27 284 99 21 26 251 104 21 24
positive/highway_mp4-132_jpg.rf.f76ce09ea13bc7fa7388d42c738337e9.jpg 9 50 177 79 83 148 195 88 77 253 107 20 20 287 100 22 28 385 131 38 39 384 173 71 77 443 155 57 49 399 119 29 23 363 104 18 18
positive/highway_mp4-133_jpg.rf.1015b97bab201b9140918689ec6f0cf4.jpg 6 216 114 42 47 274 110 32 39 264 95 18 20 364 131 37 35 405 113 33 48 368 105 24 26
positive/highway_mp4-133_jpg.rf.e780dc57bb0900900406122b1dad8e0a.jpg 10 224 124 30 25 275 113 31 34 266 94 12 21 278 89 11 11 290 76 18 23 370 137 38 26 403 124 40 28 368 110 24 21 383 107 18 12 357 95 11 12
positive/highway_mp4-133_jpg.rf.f4404f946f172060bb4fba14a72b7e34.jpg 10 222 123 34 33 275 115 27 27 263 94 15 19 271 85 18 16 296 82 10 14 365 130 38 36 411 126 26 30 375 114 16 13 384 105 17 18 356 92 14 15
positive/highway_mp4-134_jpg.rf.4dd43278c93e21483f5cae66ce7e118a.jpg 11 158 158 67 62 252 141 43 47 242 104 27 33 263 95 18 20 282 89 28 19 353 113 28 24 388 106 24 26 366 200 65 59 447 233 59 69 458 191 72 61 518 202 60 59
positive/highway_mp4-135_jpg.rf.6bbcf239aed5332c49ce910dcb3c09d3.jpg 11 0 333 26 95 183 218 71 129 202 125 41 47 244 111 29 21 270 95 28 28 351 136 29 35 386 144 26 47 405 133 23 32 432 133 37 44 374 98 22 18 344 102 26 15
positive/highway_mp4-135_jpg.rf.9d834f36d7ddc0487441be749f5b7d39.jpg 11 0 335 35 82 163 235 112 103 203 128 47 46 238 110 32 24 269 98 33 31 349 101 19 15 374 97 20 19 338 126 41 46 377 143 41 43 396 128 38 38 434 138 33 44
positive/highway_mp4-135_jpg.rf.e7d545c76747e1bf351b1fd8b7494c20.jpg 11 0 331 41 93 173 223 104 133 206 136 43 31 245 105 27 33 275 101 19 20 348 134 32 36 380 143 33 42 400 132 28 33 435 137 23 42 353 101 14 15 374 95 19 23
positive/highway_mp4-136_jpg.rf.838dedd64c75fc7574005706462572d0.jpg 10 119 184 57 85 201 129 44 41 250 111 34 35 341 108 20 32 362 116 23 29 375 106 22 26 395 118 24 22 487 161 44 75 515 245 98 93 587 411 52 154
positive/highway_mp4-136_jpg.rf.8b4dac519a71b5d88ae27527bc4f9f65.jpg 10 97 180 79 86 210 125 30 44 254 114 31 34 341 104 18 33 361 112 21 34 374 99 20 32 392 110 28 43 485 159 48 80 519 239 97 108 578 400 61 173
positive/highway_mp4-136_jpg.rf.db60bf88a140fde1a301fc19f968999b.jpg 108 115 188 63 83 203 131 43 39 254 115 33 31 339 110 23 29 362 119 24 27 377 110 18 18 395 116 6 12 395 116 6 12 395 116 6 12 395 116 6 12 395 116 6 12 395 116 6 12 395 116 6 12 395 116 6 12 395 116 6 12 395 116 6 12 395 116 6 12 395 116 6 12 395 116 6 12 395 116 6 12 395 116 6 12 395 116 6 12 395 116 6 12 395 116 6 12 395 116 6 12 395 116 6 12 395 116 6 12 395 116 6 12 395 116 6 12 395 116 6 12 395 116 6 12 395 116 6 12 395 116 6 12 395 116 6 12 395 116 6 12 395 116 6 12 395 116 6 12 395 116 6 12 395 116 6 12 395 116 6 12 395 116 6 12 395 116 6 12 395 116 6 12 395 116 6 12 395 116 6 12 395 116 6 12 395 116 6 12 395 116 6 12 395 116 6 12 395 116 6 12 395 116 6 12 395 116 6 12 395 116 6 12 395 116 6 12 395 116 6 12 398 114 3 2 398 114 3 2 398 114 3 2 398 114 3 2 398 114 3 2 398 114 3 2 398 114 3 2 398 114 3 2 398 114 3 2 398 114 3 2 398 114 3 2 398 114 3 2 398 114 3 2 398 114 3 2 398 114 3 2 398 114 3 2 398 114 3 2 398 114 3 2 398 114 3 2 398 114 3 2 398 114 3 2 398 114 3 2 398 114 3 2 398 114 3 2 398 114 3 2 398 114 3 2 398 114 3 2 398 114 3 2 398 114 3 2 398 114 3 2 398 114 3 2 398 114 3 2 398 114 3 2 398 114 3 2 393 113 5 1 393 113 5 1 393 113 5 1 393 113 5 1 393 113 5 1 393 113 5 1 393 113 5 1 393 113 5 1 393 113 5 1 393 113 5 1 393 113 5 1 393 113 5 1 393 113 5 1 402 116 17 23 475 159 68 78 486 228 129 119 568 406 69 145 347 89 12 16 366 92 14 11
positive/highway_mp4-137_jpg.rf.82557c33f8bbc7d66c2bd46e6bd76c56.jpg 12 101 188 70 99 209 139 63 67 395 191 78 75 416 157 43 38 415 133 37 22 242 106 30 25 262 86 16 13 332 95 21 18 345 97 23 25 362 93 12 17 378 101 21 21 602 341 36 101
positive/highway_mp4-137_jpg.rf.8c19e82b1bae77af7f359220efef9435.jpg 14 98 186 78 86 212 146 45 57 249 100 23 35 324 98 28 19 406 123 56 42 416 158 46 7 416 158 46 7 416 158 56 39 400 189 64 57 605 347 33 100 351 105 20 16 362 98 15 12 378 97 20 24 266 83 12 18
positive/highway_mp4-137_jpg.rf.caa9f729c004206d740ebcbb8deb81f8.jpg 12 93 181 89 104 201 128 55 77 248 107 26 22 264 84 14 13 331 95 20 24 354 101 14 22 362 98 17 13 381 98 16 24 408 125 48 35 416 156 45 41 395 190 74 60 593 347 44 110
positive/highway_mp4-138_jpg.rf.09e861e72065046ebfecac726004332b.jpg 13 24 230 134 216 213 123 44 44 248 92 23 22 269 83 12 15 328 88 19 18 347 95 13 19 353 87 15 15 371 92 10 12 389 113 27 20 370 125 50 21 374 143 37 36 434 156 53 85 509 191 68 84
positive/highway_mp4-139_jpg.rf.496177467eb5013baf617b0a3ce8e060.jpg 9 119 179 86 69 232 100 27 30 261 93 16 14 363 116 16 31 384 127 41 40 431 143 29 31 539 253 93 154 370 107 22 18 376 90 19 23
positive/highway_mp4-13_jpg.rf.6ceddcea4750343e530912997d7962ac.jpg 11 91 231 73 62 166 211 37 34 203 199 37 52 255 161 15 21 378 224 33 43 494 260 79 69 383 371 99 92 477 343 99 142 394 200 34 33 323 158 21 18 279 155 14 10
positive/highway_mp4-13_jpg.rf.90f0eccea416fc96a2c83d81aa6973c4.jpg 10 101 233 65 64 160 201 42 47 204 198 31 59 251 157 19 24 322 159 25 17 389 195 43 41 366 219 48 41 488 239 83 85 398 368 83 95 465 355 124 114
positive/highway_mp4-13_jpg.rf.d77712bfdb8cd18d5c5877a46eb1e4ea.jpg 10 95 244 66 44 173 209 28 37 200 201 36 44 250 161 28 24 329 159 15 15 395 201 39 35 365 224 50 36 478 249 115 79 385 368 94 99 473 344 109 121
positive/highway_mp4-140_jpg.rf.18e200f6d27c99b04ca7c6298e787a26.jpg 9 196 113 51 44 422 151 42 51 390 110 38 33 373 109 21 21 347 103 21 21 284 91 20 15 245 95 18 24 260 86 18 14 357 86 29 18
positive/highway_mp4-140_jpg.rf.5737f742117c2c1d81e86bae233cfb63.jpg 10 204 123 36 35 242 85 23 41 266 81 13 24 281 86 17 26 350 105 20 23 362 98 15 15 374 110 21 26 399 113 18 32 417 145 3 10 368 92 18 15
positive/highway_mp4-140_jpg.rf.d78db921cd26eb6f82294c2474c0315b.jpg 9 185 104 55 63 242 92 21 33 260 83 17 22 287 92 13 12 349 107 16 16 359 95 16 18 376 112 19 25 395 110 22 31 414 149 54 57
positive/highway_mp4-141_jpg.rf.af2630973acf3521c3156b1991127054.jpg 25 115 145 85 81 218 112 29 37 218 112 29 37 218 112 29 37 218 112 29 37 218 112 29 37 218 112 29 37 218 112 29 37 218 112 29 37 218 112 29 37 218 112 29 37 218 112 29 37 218 112 29 37 218 112 29 37 248 98 22 18 278 101 15 15 340 98 17 19 365 102 17 17 381 104 13 15 390 125 20 29 399 170 65 80 460 159 42 48 497 213 86 90 494 525 144 113 287 86 13 15
positive/highway_mp4-141_jpg.rf.d8bdeead0026edaa31f79dc50562561b.jpg 14 146 152 52 69 211 113 32 33 246 98 19 13 275 99 18 17 269 83 13 15 382 119 28 33 455 158 60 51 390 179 68 64 489 197 95 110 488 499 149 136 347 96 14 17 361 98 21 18 381 102 17 17 289 88 13 16
positive/highway_mp4-141_jpg.rf.dbffd9e402dab6eeb78b578a41d532d0.jpg 13 128 166 76 50 219 118 29 25 244 96 31 20 278 101 15 15 287 93 9 9 378 124 39 35 413 177 48 64 454 149 57 64 497 211 81 93 488 521 150 117 347 95 12 20 364 95 16 27 380 105 18 14
positive/highway_mp4-142_jpg.rf.7dd48ad0773202f7d73b8744b326dcac.jpg 16 157 143 67 55 0 0 0 0 224 95 32 47 224 95 32 47 224 95 32 47 259 107 28 31 281 100 16 16 260 92 11 14 372 133 31 35 366 179 54 63 501 209 87 61 410 139 30 43 413 127 28 25 366 111 28 21 365 95 25 15 339 91 21 14
positive/highway_mp4-143_jpg.rf.b18f532e670607360862188859f42d1d.jpg 12 5 224 117 110 347 188 93 81 429 146 50 36 340 134 45 31 236 124 45 40 186 123 41 45 266 115 27 15 240 104 24 14 281 95 15 15 257 96 18 10 376 115 23 20 350 108 27 24
positive/highway_mp4-144_jpg.rf.0137d7ae931c05dda1c8c04922f439cf.jpg 11 83 151 78 89 192 165 57 57 254 137 39 27 209 114 35 28 350 138 33 34 393 113 29 34 341 116 15 16 461 496 177 142 266 99 23 29 243 104 17 15 350 95 14 18
positive/highway_mp4-10_jpg.rf.41cc89a0fe4d1072689e714aa19b4bde.jpg 6 181 305 35 51 259 304 28 42 347 313 34 34 247 281 25 31 227 273 24 24 194 285 38 30
positive/highway_mp4-10_jpg.rf.a87770f8dcc27438884ae0671e6d4c48.jpg 6 181 305 35 51 259 304 28 42 347 313 34 34 247 281 25 31 227 273 24 24 194 285 38 30
positive/highway_mp4-10_jpg.rf.fb221c802a72b3b02d737730247658da.jpg 6 181 305 35 51 259 304 28 42 347 313 34 34 247 281 25 31 227 273 24 24 194 285 38 30
positive/highway_mp4-11_jpg.rf.5680190835557e4890281dfd671f40f0.jpg 8 1 385 108 134 179 368 69 111 205 299 43 54 132 300 46 44 192 272 26 34 223 255 23 24 333 262 26 24 253 248 21 21
positive/highway_mp4-11_jpg.rf.664f8dd1192b55270222fe2346854722.jpg 8 1 385 108 134 179 368 69 111 205 299 43 54 132 300 46 44 192 272 26 34 223 255 23 24 333 262 26 24 253 248 21 21
positive/highway_mp4-11_jpg.rf.682128f8886be92dba465a09a1005b9d.jpg 8 1 385 108 134 179 368 69 111 205 299 43 54 132 300 46 44 192 272 26 34 223 255 23 24 333 262 26 24 253 248 21 21
positive/highway_mp4-12_jpg.rf.026bfe7da762828319e45f2f2c45805a.jpg 7 5 368 133 184 432 330 108 87 439 264 90 65 109 257 41 49 185 212 33 34 214 197 21 31 238 200 23 25
positive/highway_mp4-12_jpg.rf.03265d2db2d631cddb5f514840cb1919.jpg 7 5 368 133 184 432 330 108 87 439 264 90 65 109 257 41 49 185 212 33 34 214 197 21 31 238 200 23 25
positive/highway_mp4-12_jpg.rf.91a4f2325a37d28d34d1856741e0e3be.jpg 7 5 368 133 184 432 330 108 87 439 264 90 65 109 257 41 49 185 212 33 34 214 197 21 31 238 200 23 25
positive/highway_mp4-13_jpg.rf.6ceddcea4750343e530912997d7962ac.jpg 8 166 206 39 42 100 233 63 61 205 209 27 34 373 225 38 37 392 201 33 38 393 367 85 103 468 365 109 100 494 259 71 70
positive/highway_mp4-13_jpg.rf.90f0eccea416fc96a2c83d81aa6973c4.jpg 8 166 206 39 42 100 233 63 61 205 209 27 34 373 225 38 37 392 201 33 38 393 367 85 103 468 365 109 100 494 259 71 70
positive/highway_mp4-13_jpg.rf.d77712bfdb8cd18d5c5877a46eb1e4ea.jpg 8 166 206 39 42 100 233 63 61 205 209 27 34 373 225 38 37 392 201 33 38 393 367 85 103 468 365 109 100 494 259 71 70
positive/highway_mp4-144_jpg.rf.0137d7ae931c05dda1c8c04922f439cf.jpg 10 469 479 170 156 348 129 33 47 190 169 69 48 94 167 71 67 257 129 36 44 215 115 29 29 394 113 28 33 337 113 20 23 271 105 21 23 240 98 21 27
positive/highway_mp4-144_jpg.rf.56bf2d8cd19b4b4ac4c10a79d9178295.jpg 10 469 479 170 156 348 129 33 47 190 169 69 48 94 167 71 67 257 129 36 44 215 115 29 29 394 113 28 33 337 113 20 23 271 105 21 23 240 98 21 27
positive/highway_mp4-144_jpg.rf.e141b6cfd86a7aaadbe828af62a191fe.jpg 10 469 479 170 156 348 129 33 47 190 169 69 48 94 167 71 67 257 129 36 44 215 115 29 29 394 113 28 33 337 113 20 23 271 105 21 23 240 98 21 27
positive/highway_mp4-145_jpg.rf.6207214434b263c10193f16941a0fed2.jpg 8 224 180 49 77 361 173 60 72 15 317 102 155 160 139 47 52 218 116 23 38 256 122 21 38 338 109 25 36 276 103 17 23
positive/highway_mp4-145_jpg.rf.795ef3b7594ae2226158642296b10ab5.jpg 8 224 180 49 77 361 173 60 72 15 317 102 155 160 139 47 52 218 116 23 38 256 122 21 38 338 109 25 36 276 103 17 23
positive/highway_mp4-145_jpg.rf.fd2fcd52d1f997563e0216fa03c1e956.jpg 8 224 180 49 77 361 173 60 72 15 317 102 155 160 139 47 52 218 116 23 38 256 122 21 38 338 109 25 36 276 103 17 23
positive/highway_mp4-146_jpg.rf.2917741ead0dae04a8d846cb72802d32.jpg 8 208 155 40 60 152 142 53 66 1 229 57 91 1 539 138 98 339 125 37 44 238 108 27 26 258 119 19 29 335 98 21 19
positive/highway_mp4-146_jpg.rf.63408bcafec38793471501cf8c59c339.jpg 8 208 155 40 60 152 142 53 66 1 229 57 91 1 539 138 98 339 125 37 44 238 108 27 26 258 119 19 29 335 98 21 19
positive/highway_mp4-146_jpg.rf.83807d5807cc64ae293185ca27ebf634.jpg 8 208 155 40 60 152 142 53 66 1 229 57 91 1 539 138 98 339 125 37 44 238 108 27 26 258 119 19 29 335 98 21 19
positive/highway_mp4-147_jpg.rf.2d9b5e623e79996f9b387cc02ad9725b.jpg 4 11 320 104 188 192 132 43 45 210 161 51 50 334 102 27 27
positive/highway_mp4-147_jpg.rf.e5ce32471d23742c00bce57a1b366a6c.jpg 4 11 320 104 188 192 132 43 45 210 161 51 50 334 102 27 27
positive/highway_mp4-147_jpg.rf.ead1ffe96f15fe30d6c446d50fea5763.jpg 4 11 320 104 188 192 132 43 45 210 161 51 50 334 102 27 27
positive/highway_mp4-148_jpg.rf.2515237ffd78cec8673841ca50faa7c7.jpg 3 11 240 110 124 573 242 65 98 1 418 77 218
positive/highway_mp4-149_jpg.rf.61bf735f2150034810785bfb0616dccb.jpg 4 448 150 43 51 280 110 21 33 268 102 21 24 268 102 21 24
positive/highway_mp4-149_jpg.rf.8ee73a55b6d12fd526de74022c6949a6.jpg 4 448 150 43 51 280 110 21 33 268 102 21 24 268 102 21 24
positive/highway_mp4-149_jpg.rf.eff531243126287461191c5839908992.jpg 4 448 150 43 51 280 110 21 33 268 102 21 24 268 102 21 24
positive/highway_mp4-14_jpg.rf.2d5254a50b3d345ca494ba0c7a70b2fa.jpg 9 500 460 138 176 451 244 54 58 113 242 62 62 39 256 68 67 338 212 43 45 381 213 38 51 402 171 40 56 348 172 33 39 363 161 25 33
positive/highway_mp4-14_jpg.rf.4b7482a3249eecdac77cb5d02a5879e0.jpg 9 500 460 138 176 451 244 54 58 113 242 62 62 39 256 68 67 338 212 43 45 381 213 38 51 402 171 40 56 348 172 33 39 363 161 25 33
positive/highway_mp4-14_jpg.rf.cf4dfbfd92b2ed305187015e851999e2.jpg 9 500 460 138 176 451 244 54 58 113 242 62 62 39 256 68 67 338 212 43 45 381 213 38 51 402 171 40 56 348 172 33 39 363 161 25 33
positive/highway_mp4-150_jpg.rf.23d36feb92abc7bb093cfe5199a8d8ce.jpg 4 472 167 60 63 399 117 35 43 262 143 33 38 244 110 39 46
positive/highway_mp4-150_jpg.rf.738a9ed5d5f1ae0024161a84506e1b16.jpg 4 472 167 60 63 399 117 35 43 262 143 33 38 244 110 39 46
positive/highway_mp4-150_jpg.rf.8ae9cf29385dafc69eec0447f859400c.jpg 4 472 167 60 63 399 117 35 43 262 143 33 38 244 110 39 46
positive/highway_mp4-15_jpg.rf.25a8d25e36e1998701863f6d189b71a3.jpg 9 529 417 106 214 455 236 62 64 375 209 40 43 384 172 42 34 353 161 27 36 334 162 25 28 208 145 27 35 340 140 16 25 377 149 20 20
positive/highway_mp4-15_jpg.rf.86c43c89c007bc3a1f72884e6d484a09.jpg 9 529 417 106 214 455 236 62 64 375 209 40 43 384 172 42 34 353 161 27 36 334 162 25 28 208 145 27 35 340 140 16 25 377 149 20 20
positive/highway_mp4-15_jpg.rf.b52dea462485a21fe4bbf9d5f955e4a8.jpg 9 529 417 106 214 455 236 62 64 375 209 40 43 384 172 42 34 353 161 27 36 334 162 25 28 208 145 27 35 340 140 16 25 377 149 20 20
positive/highway_mp4-14_jpg.rf.2d5254a50b3d345ca494ba0c7a70b2fa.jpg 10 41 255 65 65 116 240 54 65 346 216 33 39 381 217 34 42 407 184 29 33 449 246 55 62 510 462 127 177 351 174 20 30 365 164 27 28 234 150 16 25
positive/highway_mp4-14_jpg.rf.4b7482a3249eecdac77cb5d02a5879e0.jpg 10 41 255 65 65 116 240 54 65 346 216 33 39 381 217 34 42 407 184 29 33 449 246 55 62 510 462 127 177 351 174 20 30 365 164 27 28 234 150 16 25
positive/highway_mp4-14_jpg.rf.cf4dfbfd92b2ed305187015e851999e2.jpg 10 41 255 65 65 116 240 54 65 346 216 33 39 381 217 34 42 407 184 29 33 449 246 55 62 510 462 127 177 351 174 20 30 365 164 27 28 234 150 16 25
positive/highway_mp4-16_jpg.rf.107be802a06b34d0440e88f8b44f2c57.jpg 8 163 173 36 39 244 144 16 24 379 198 57 66 390 167 34 44 351 163 25 29 367 145 20 29 346 145 17 21 325 145 22 19
positive/highway_mp4-16_jpg.rf.1e2cbe9db7025e82ad464c6396429bbf.jpg 8 163 173 36 39 244 144 16 24 379 198 57 66 390 167 34 44 351 163 25 29 367 145 20 29 346 145 17 21 325 145 22 19
positive/highway_mp4-16_jpg.rf.394c487bb7ec7a8b03747b806751d45f.jpg 8 163 173 36 39 244 144 16 24 379 198 57 66 390 167 34 44 351 163 25 29 367 145 20 29 346 145 17 21 325 145 22 19
positive/highway_mp4-17_jpg.rf.a161380c0170c58b3ce77e7d36a7f8c2.jpg 6 46 220 79 73 209 160 30 34 352 152 30 42 370 147 17 21 339 140 22 22 268 131 21 20
positive/highway_mp4-18_jpg.rf.02bb4fd91d06842f0ab59412e6721f78.jpg 5 448 285 82 95 445 180 61 60 127 203 72 73 253 129 28 46 343 128 16 30
positive/highway_mp4-18_jpg.rf.057a8fcaaa519204f13623db7199e2c3.jpg 5 448 285 82 95 445 180 61 60 127 203 72 73 253 129 28 46 343 128 16 30
positive/highway_mp4-18_jpg.rf.ea93c20a0498352aa534b6a125dd7469.jpg 5 448 285 82 95 445 180 61 60 127 203 72 73 253 129 28 46 343 128 16 30
positive/highway_mp4-19_jpg.rf.29df4ab91517f79610ab7030c35c197e.jpg 5 231 154 41 52 368 177 41 49 398 151 27 36 333 126 21 24 250 128 23 31
positive/highway_mp4-19_jpg.rf.3031ab4a708b504d4f01f02fdd54c02b.jpg 5 231 154 41 52 368 177 41 49 398 151 27 36 333 126 21 24 250 128 23 31
positive/highway_mp4-19_jpg.rf.c1cd1adc67789b50b5665b4b8ccee7d8.jpg 5 231 154 41 52 368 177 41 49 398 151 27 36 333 126 21 24 250 128 23 31
positive/highway_mp4-1_jpg.rf.4c05145b8e4c61e7a5be75b30ff6b6cd.jpg 4 76 387 99 122 365 333 56 63 485 304 62 71 547 375 12 52
positive/highway_mp4-1_jpg.rf.6a5ec5497c96dda5ca4dbd9fbd649b06.jpg 8 559 427 77 97 79 393 102 105 205 281 51 49 218 246 38 36 353 239 27 34 363 326 62 76 563 557 76 79 485 306 62 67
positive/highway_mp4-1_jpg.rf.eefa0873aed82024d25c9c13055b7087.jpg 8 559 427 77 97 79 393 102 105 205 281 51 49 218 246 38 36 353 239 27 34 363 326 62 76 563 557 76 79 485 306 62 67
positive/highway_mp4-20_jpg.rf.09b6745ea667730b89bbdac3696313c5.jpg 7 163 195 72 84 215 138 20 26 229 144 19 26 422 212 57 39 353 150 29 27 380 137 17 24 277 138 23 22
positive/highway_mp4-20_jpg.rf.60b0256dce02164822b657690b10605b.jpg 7 163 195 72 84 215 138 20 26 229 144 19 26 422 212 57 39 353 150 29 27 380 137 17 24 277 138 23 22
positive/highway_mp4-20_jpg.rf.cb5d116fd603827b354768c18959dbde.jpg 7 163 195 72 84 215 138 20 26 229 144 19 26 422 212 57 39 353 150 29 27 380 137 17 24 277 138 23 22
positive/highway_mp4-21_jpg.rf.41633a6b30d7d4670fff517c8ac271c7.jpg 6 166 161 32 35 179 174 39 42 259 158 35 38 382 159 30 29 237 133 30 26 276 135 25 23
positive/highway_mp4-21_jpg.rf.5dbefedc9723d9d9e164dc1eca57ad29.jpg 6 166 161 32 35 179 174 39 42 259 158 35 38 382 159 30 29 237 133 30 26 276 135 25 23
positive/highway_mp4-21_jpg.rf.6c316d6d8b15f20d2e7cdbe49192ddd3.jpg 6 166 161 32 35 179 174 39 42 259 158 35 38 382 159 30 29 237 133 30 26 276 135 25 23
positive/highway_mp4-22_jpg.rf.2ce7f06efc7eb02c61dd04fddb2b1aee.jpg 9 206 230 60 71 361 223 48 64 508 384 127 155 2 280 92 119 29 224 81 76 200 154 38 43 264 165 37 33 244 127 35 29 358 141 28 30
positive/highway_mp4-22_jpg.rf.c3b7a6d9c87420b03b32622d1c0ae1af.jpg 9 206 230 60 71 361 223 48 64 508 384 127 155 2 280 92 119 29 224 81 76 200 154 38 43 264 165 37 33 244 127 35 29 358 141 28 30
positive/highway_mp4-22_jpg.rf.fbca64baef44b2fc0fb883156ee2128a.jpg 9 206 230 60 71 361 223 48 64 508 384 127 155 2 280 92 119 29 224 81 76 200 154 38 43 264 165 37 33 244 127 35 29 358 141 28 30
positive/highway_mp4-23_jpg.rf.a3dbcee92fe2b9dad97fb306260de323.jpg 6 209 219 68 65 118 194 75 77 381 190 40 49 424 187 49 60 329 154 43 47 221 136 41 47
positive/highway_mp4-1_jpg.rf.4c05145b8e4c61e7a5be75b30ff6b6cd.jpg 8 72 391 107 117 209 280 43 52 362 328 60 71 479 304 71 73 554 424 85 111 562 559 75 78 352 240 29 33 220 248 28 29
positive/highway_mp4-1_jpg.rf.6a5ec5497c96dda5ca4dbd9fbd649b06.jpg 8 72 391 107 117 209 280 43 52 362 328 60 71 479 304 71 73 554 424 85 111 562 559 75 78 352 240 29 33 220 248 28 29
positive/highway_mp4-1_jpg.rf.eefa0873aed82024d25c9c13055b7087.jpg 8 72 391 107 117 209 280 43 52 362 328 60 71 479 304 71 73 554 424 85 111 562 559 75 78 352 240 29 33 220 248 28 29
positive/highway_mp4-24_jpg.rf.24e134d6fb6b65d9072d01fc8eadad47.jpg 5 423 241 80 92 183 162 54 60 353 143 25 41 381 146 27 43 327 133 21 26
positive/highway_mp4-24_jpg.rf.6131a5eeddf718a5e58fa026b8771f61.jpg 5 423 241 80 92 183 162 54 60 353 143 25 41 381 146 27 43 327 133 21 26
positive/highway_mp4-24_jpg.rf.7b93d053875496399b3753df48ecfbac.jpg 5 423 241 80 92 183 162 54 60 353 143 25 41 381 146 27 43 327 133 21 26
positive/highway_mp4-25_jpg.rf.98cf9235c00cd95acbd41960da168054.jpg 8 474 197 72 80 60 238 81 102 365 163 43 47 273 136 23 35 256 136 16 31 246 130 15 21 346 132 14 22 362 132 19 25
positive/highway_mp4-25_jpg.rf.dbb1ed21b650bda1a50e67c01a832b6d.jpg 8 474 197 72 80 60 238 81 102 365 163 43 47 273 136 23 35 256 136 16 31 246 130 15 21 346 132 14 22 362 132 19 25
positive/highway_mp4-25_jpg.rf.f8c1a7e272554661ffc3cf1f1eea72e8.jpg 8 474 197 72 80 60 238 81 102 365 163 43 47 273 136 23 35 256 136 16 31 246 130 15 21 346 132 14 22 362 132 19 25
positive/highway_mp4-26_jpg.rf.46c69cd89948c75f40725aaffaef2db4.jpg 7 381 283 82 102 505 353 121 144 253 165 32 50 233 160 20 39 223 142 26 25 412 154 47 52 348 132 24 36
positive/highway_mp4-26_jpg.rf.5048993f00aee3607707361d5ffad542.jpg 7 381 283 82 102 505 353 121 144 253 165 32 50 233 160 20 39 223 142 26 25 412 154 47 52 348 132 24 36
positive/highway_mp4-26_jpg.rf.d76e84b52ca945092f84ef1b6b517c7c.jpg 7 381 283 82 102 505 353 121 144 253 165 32 50 233 160 20 39 223 142 26 25 412 154 47 52 348 132 24 36
positive/highway_mp4-27_jpg.rf.35f5b3e39e9741e03a9d8e94bf96a1aa.jpg 7 426 265 110 99 379 175 46 54 345 170 38 53 183 253 73 102 156 217 63 72 177 166 35 44 382 130 34 38
positive/highway_mp4-27_jpg.rf.8359fc46982d3b6414787c5db9d08e36.jpg 7 426 265 110 99 379 175 46 54 345 170 38 53 183 253 73 102 156 217 63 72 177 166 35 44 382 130 34 38
positive/highway_mp4-27_jpg.rf.dd7a122b38bf7641af5756736af0cd06.jpg 7 426 265 110 99 379 175 46 54 345 170 38 53 183 253 73 102 156 217 63 72 177 166 35 44 382 130 34 38
positive/highway_mp4-28_jpg.rf.5e76d251b692b98a5a88dfc35022d0a6.jpg 6 438 267 78 75 39 242 95 99 368 166 37 43 357 140 26 34 330 143 30 30 213 127 35 33
positive/highway_mp4-28_jpg.rf.67bc4c70b4925de56a7ba887bfd95248.jpg 6 438 267 78 75 39 242 95 99 368 166 37 43 357 140 26 34 330 143 30 30 213 127 35 33
positive/highway_mp4-28_jpg.rf.69bea1ded20923078a13c2dbdf253932.jpg 6 438 267 78 75 39 242 95 99 368 166 37 43 357 140 26 34 330 143 30 30 213 127 35 33
positive/highway_mp4-29_jpg.rf.e7705c0e4583ee5c5e1f491f154f279b.jpg 7 487 265 122 111 373 171 35 36 173 148 46 41 348 136 29 34 324 124 23 32 342 124 26 27 274 121 21 25
positive/highway_mp4-2_jpg.rf.6266393a00b2b11e159940607cf9974e.jpg 7 386 383 88 97 30 392 108 157 158 264 63 70 395 296 58 62 341 247 31 42 420 277 44 45 412 250 40 38
positive/highway_mp4-2_jpg.rf.bfb4695863d0d5e2282fa9cd3244e20d.jpg 7 386 383 88 97 30 392 108 157 158 264 63 70 395 296 58 62 341 247 31 42 420 277 44 45 412 250 40 38
positive/highway_mp4-2_jpg.rf.f36599f7d8eb5df8b1628dc02e4a08c0.jpg 7 386 383 88 97 30 392 108 157 158 264 63 70 395 296 58 62 341 247 31 42 420 277 44 45 412 250 40 38
positive/highway_mp4-30_jpg.rf.e1f041660361877e26c57ca1ef167e54.jpg 5 67 196 79 73 400 169 49 46 349 136 32 32 262 134 29 35 234 130 27 27
positive/highway_mp4-31_jpg.rf.2375d262b48d9e01e1aff10ed5f8626b.jpg 5 519 211 51 78 231 173 42 53 195 160 36 39 202 128 39 43 372 137 28 44
positive/highway_mp4-31_jpg.rf.bf4022d854ba5b8e22a99c4bac30f7d6.jpg 5 519 211 51 78 231 173 42 53 195 160 36 39 202 128 39 43 372 137 28 44
positive/highway_mp4-31_jpg.rf.e7a12958edf42a5b370d060f3ed9a771.jpg 5 519 211 51 78 231 173 42 53 195 160 36 39 202 128 39 43 372 137 28 44
positive/highway_mp4-32_jpg.rf.f192a4353a93afc5a8de4af814030709.jpg 7 70 328 144 177 48 250 83 90 148 157 69 59 364 243 81 88 533 250 100 97 429 165 38 46 243 118 33 30
positive/highway_mp4-33_jpg.rf.38276f33fd59755afae41c40febbbefc.jpg 5 8 227 91 93 433 167 56 51 338 161 40 41 225 132 33 40 395 139 19 27
positive/highway_mp4-33_jpg.rf.795f6f035b59408616ec334cab46656d.jpg 5 8 227 91 93 433 167 56 51 338 161 40 41 225 132 33 40 395 139 19 27
positive/highway_mp4-33_jpg.rf.830e9032fde7ec71b400b55d49ed04ce.jpg 5 8 227 91 93 433 167 56 51 338 161 40 41 225 132 33 40 395 139 19 27
positive/highway_mp4-34_jpg.rf.969b1c9ce5cf21f6370906e7f2345d2b.jpg 7 183 161 37 44 578 307 61 121 399 139 37 46 331 132 24 30 269 139 23 27 252 130 27 28 228 133 29 30
positive/highway_mp4-34_jpg.rf.b6b0662694ce66cb06231311cc7175fa.jpg 7 183 161 37 44 578 307 61 121 399 139 37 46 331 132 24 30 269 139 23 27 252 130 27 28 228 133 29 30
positive/highway_mp4-34_jpg.rf.e378e20829de11107922c0e8dbbe793c.jpg 7 183 161 37 44 578 307 61 121 399 139 37 46 331 132 24 30 269 139 23 27 252 130 27 28 228 133 29 30
positive/highway_mp4-35_jpg.rf.c9909c9a067eac2f001be3a85fa4552c.jpg 9 36 243 104 105 84 187 68 66 178 136 37 41 190 157 32 44 225 145 42 43 248 174 26 42 264 136 31 41 423 186 56 41 376 124 25 30
positive/highway_mp4-36_jpg.rf.3cd0036b8f0b108037d8b03c0c306661.jpg 7 107 336 100 144 60 234 80 83 85 182 69 62 148 207 70 77 231 176 47 69 398 214 70 68 381 141 37 42
positive/highway_mp4-36_jpg.rf.b034817c96a0e7da2a2f6802a176bcc3.jpg 7 107 336 100 144 60 234 80 83 85 182 69 62 148 207 70 77 231 176 47 69 398 214 70 68 381 141 37 42
positive/highway_mp4-36_jpg.rf.b9ff77ee8d18e8d7136da06bd2980cfe.jpg 7 107 336 100 144 60 234 80 83 85 182 69 62 148 207 70 77 231 176 47 69 398 214 70 68 381 141 37 42
positive/highway_mp4-37_jpg.rf.8a0a0447966bac0f83313d70bc2e3f16.jpg 3 28 440 139 196 361 152 40 45 366 125 20 21
positive/highway_mp4-38_jpg.rf.416cb20fd2ce62a18c218378dfb5f0bd.jpg 5 356 219 63 75 509 271 95 97 508 223 88 80 344 129 35 35 230 118 24 23
positive/highway_mp4-38_jpg.rf.be24f3f43efdcc82a5afe70ff052a42e.jpg 5 356 219 63 75 509 271 95 97 508 223 88 80 344 129 35 35 230 118 24 23
positive/highway_mp4-38_jpg.rf.dd49a66797516de3f182aa6a3f9aed75.jpg 5 356 219 63 75 509 271 95 97 508 223 88 80 344 129 35 35 230 118 24 23
positive/highway_mp4-39_jpg.rf.596ac1f5c294782de6b9239a36bd14f6.jpg 5 398 160 41 48 419 152 31 43 337 149 31 37 208 130 26 30 256 120 25 26
positive/highway_mp4-39_jpg.rf.9173084a9c8f9010f061c1e9aa990abe.jpg 5 398 160 41 48 419 152 31 43 337 149 31 37 208 130 26 30 256 120 25 26
positive/highway_mp4-39_jpg.rf.f29a7cb3596179535f4a6f41354edcc1.jpg 5 398 160 41 48 419 152 31 43 337 149 31 37 208 130 26 30 256 120 25 26
positive/highway_mp4-3_jpg.rf.8cf277395f0411c0ad35a68a4c27a4eb.jpg 9 478 408 130 141 541 331 85 92 437 299 61 62 338 255 44 57 361 244 34 50 380 238 28 37 222 224 25 30 263 219 24 29 333 228 23 24
positive/highway_mp4-3_jpg.rf.beb25d621efbbc8cd3cd29e62d07031b.jpg 9 478 408 130 141 541 331 85 92 437 299 61 62 338 255 44 57 361 244 34 50 380 238 28 37 222 224 25 30 263 219 24 29 333 228 23 24
positive/highway_mp4-3_jpg.rf.c0b83e4409fed742394a4c0aed1dd0ae.jpg 9 478 408 130 141 541 331 85 92 437 299 61 62 338 255 44 57 361 244 34 50 380 238 28 37 222 224 25 30 263 219 24 29 333 228 23 24
positive/highway_mp4-40_jpg.rf.21fad68f241ec4ae011414fd029468ab.jpg 7 157 146 40 55 227 149 33 43 219 114 26 30 240 124 29 27 325 123 26 30 367 129 27 35 389 132 18 28
positive/highway_mp4-40_jpg.rf.7681ddb570572bea265e464548952b53.jpg 7 157 146 40 55 227 149 33 43 219 114 26 30 240 124 29 27 325 123 26 30 367 129 27 35 389 132 18 28
positive/highway_mp4-40_jpg.rf.cd6e26dc1ecdf99cdf798599ef3e9909.jpg 7 157 146 40 55 227 149 33 43 219 114 26 30 240 124 29 27 325 123 26 30 367 129 27 35 389 132 18 28
positive/highway_mp4-41_jpg.rf.5b2abc766375110c0fc0b9223431f173.jpg 4 126 226 79 107 20 213 73 99 192 138 28 36 212 137 36 46
positive/highway_mp4-41_jpg.rf.dd588db8029af5dc68f277781e381f20.jpg 4 126 226 79 107 20 213 73 99 192 138 28 36 212 137 36 46
positive/highway_mp4-41_jpg.rf.df8d7a24d43d0402841c42570c2e1c43.jpg 4 126 226 79 107 20 213 73 99 192 138 28 36 212 137 36 46
positive/highway_mp4-42_jpg.rf.781ed3c70151038f14864fd1a5540ebc.jpg 4 115 172 50 58 157 175 45 65 379 297 96 115 499 219 67 69
positive/highway_mp4-42_jpg.rf.bd803b33f95504ce4c2a354ee462f532.jpg 4 115 172 50 58 157 175 45 65 379 297 96 115 499 219 67 69
positive/highway_mp4-42_jpg.rf.c1403cc1360761a0873ad4c4b24a5002.jpg 4 115 172 50 58 157 175 45 65 379 297 96 115 499 219 67 69
positive/highway_mp4-43_jpg.rf.0e5e69a3c8340226f8be4d5dd373ca2f.jpg 3 407 228 68 61 341 178 42 48 419 155 28 39
positive/highway_mp4-43_jpg.rf.ad85bc7064a46b8cf5db454d9e111e34.jpg 3 407 228 68 61 341 178 42 48 419 155 28 39
positive/highway_mp4-43_jpg.rf.e5eeb65bed2705db9581acfa817b2603.jpg 3 407 228 68 61 341 178 42 48 419 155 28 39
positive/highway_mp4-44_jpg.rf.46d7f75c2c1f97d425cc0c247de0d0f0.jpg 6 429 259 76 84 544 295 94 113 452 185 54 54 362 159 43 43 329 140 27 37 196 135 41 45
positive/highway_mp4-44_jpg.rf.983cf05412627d03bf3c57dfee1db26c.jpg 6 429 259 76 84 544 295 94 113 452 185 54 54 362 159 43 43 329 140 27 37 196 135 41 45
positive/highway_mp4-44_jpg.rf.e6f2546bf02cb000a967b1c4cfa4d574.jpg 6 429 259 76 84 544 295 94 113 452 185 54 54 362 159 43 43 329 140 27 37 196 135 41 45
positive/highway_mp4-45_jpg.rf.0afb12ea62846331e0efe3e5001fe27e.jpg 7 132 170 56 51 476 239 74 62 416 173 44 55 367 169 40 44 403 144 31 36 345 135 32 29 326 122 17 25
positive/highway_mp4-46_jpg.rf.256253a32a28696d9144974f1aac46a6.jpg 9 497 342 106 109 566 278 70 72 449 182 46 47 402 168 43 39 382 144 31 37 352 141 20 30 278 129 17 30 260 121 27 28 231 132 18 26
positive/highway_mp4-46_jpg.rf.60ec217ee6e0d6916c47028d8e5f03ec.jpg 9 497 342 106 109 566 278 70 72 449 182 46 47 402 168 43 39 382 144 31 37 352 141 20 30 278 129 17 30 260 121 27 28 231 132 18 26
positive/highway_mp4-46_jpg.rf.6e4c32d22cb2631c4f22934687309b86.jpg 9 497 342 106 109 566 278 70 72 449 182 46 47 402 168 43 39 382 144 31 37 352 141 20 30 278 129 17 30 260 121 27 28 231 132 18 26
positive/highway_mp4-47_jpg.rf.4c6a0b0f8137016aa058167505492c0f.jpg 12 366 240 64 87 442 255 67 79 449 207 53 58 436 171 46 48 389 184 45 49 261 154 28 36 239 137 27 36 181 151 47 44 402 147 24 25 374 137 22 32 224 121 25 26 342 124 20 24
positive/highway_mp4-48_jpg.rf.7dc2d6ba05f73a0b35753002e1d138c1.jpg 10 58 224 72 73 212 213 52 62 191 175 61 56 197 133 30 36 333 159 45 45 356 148 30 30 368 168 42 41 394 158 34 34 398 145 21 26 233 126 29 30
positive/highway_mp4-48_jpg.rf.7fe26b6556e2e66567f9de4b13af542b.jpg 10 58 224 72 73 212 213 52 62 191 175 61 56 197 133 30 36 333 159 45 45 356 148 30 30 368 168 42 41 394 158 34 34 398 145 21 26 233 126 29 30
positive/highway_mp4-48_jpg.rf.c9caf70388cb01b5e88418a5a7307784.jpg 10 58 224 72 73 212 213 52 62 191 175 61 56 197 133 30 36 333 159 45 45 356 148 30 30 368 168 42 41 394 158 34 34 398 145 21 26 233 126 29 30
positive/highway_mp4-49_jpg.rf.3d1857e97837a10828e294f8d172eec1.jpg 7 1 333 125 191 145 147 59 58 193 148 47 49 236 134 30 26 326 134 30 30 352 136 27 32 369 135 23 30
positive/highway_mp4-49_jpg.rf.7d3d55b681313a30b88881faacaec1ca.jpg 7 1 333 125 191 145 147 59 58 193 148 47 49 236 134 30 26 326 134 30 30 352 136 27 32 369 135 23 30
positive/highway_mp4-49_jpg.rf.a78afcd55a6f54fe6951c994074effca.jpg 7 1 333 125 191 145 147 59 58 193 148 47 49 236 134 30 26 326 134 30 30 352 136 27 32 369 135 23 30
positive/highway_mp4-4_jpg.rf.3b2a009f4af50777416caa4440870484.jpg 9 350 291 63 58 482 288 57 57 437 255 47 49 384 267 53 50 390 245 32 31 236 240 42 36 192 233 34 42 270 220 24 28 335 224 29 30
positive/highway_mp4-4_jpg.rf.9486028c6375b77943f33ce0fd9293ae.jpg 9 350 291 63 58 482 288 57 57 437 255 47 49 384 267 53 50 390 245 32 31 236 240 42 36 192 233 34 42 270 220 24 28 335 224 29 30
positive/highway_mp4-4_jpg.rf.bf048116b188f95d3422b7f996433deb.jpg 9 350 291 63 58 482 288 57 57 437 255 47 49 384 267 53 50 390 245 32 31 236 240 42 36 192 233 34 42 270 220 24 28 335 224 29 30
positive/highway_mp4-50_jpg.rf.80ba89e0219220b20bc428bc7b8de720.jpg 8 395 313 118 112 122 207 61 66 55 195 64 75 200 153 45 51 456 186 44 51 226 132 21 24 251 121 18 32 265 132 16 25
positive/highway_mp4-50_jpg.rf.9ebd3cda6a263f7c6304bd8e8cc3fd68.jpg 8 395 313 118 112 122 207 61 66 55 195 64 75 200 153 45 51 456 186 44 51 226 132 21 24 251 121 18 32 265 132 16 25
positive/highway_mp4-50_jpg.rf.cb9b0ff3d586ff76df1168f62480d942.jpg 8 395 313 118 112 122 207 61 66 55 195 64 75 200 153 45 51 456 186 44 51 226 132 21 24 251 121 18 32 265 132 16 25
positive/highway_mp4-51_jpg.rf.232cd1f8952796153898b35642e71cce.jpg 6 350 175 38 50 403 146 38 38 131 207 72 75 188 144 38 43 227 141 38 30 244 156 31 41
positive/highway_mp4-51_jpg.rf.59ccd436cb081d3b3f3be77f616625d1.jpg 6 350 175 38 50 403 146 38 38 131 207 72 75 188 144 38 43 227 141 38 30 244 156 31 41
positive/highway_mp4-51_jpg.rf.8197d5b305e321749e14344a1afc5966.jpg 6 350 175 38 50 403 146 38 38 131 207 72 75 188 144 38 43 227 141 38 30 244 156 31 41
positive/highway_mp4-4_jpg.rf.3b2a009f4af50777416caa4440870484.jpg 10 189 231 37 42 239 238 31 38 368 300 33 47 382 270 44 45 388 243 36 38 438 259 39 41 478 292 50 50 335 228 26 33 354 224 24 32 262 220 29 21
positive/highway_mp4-4_jpg.rf.9486028c6375b77943f33ce0fd9293ae.jpg 10 189 231 37 42 239 238 31 38 368 300 33 47 382 270 44 45 388 243 36 38 438 259 39 41 478 292 50 50 335 228 26 33 354 224 24 32 262 220 29 21
positive/highway_mp4-4_jpg.rf.bf048116b188f95d3422b7f996433deb.jpg 10 189 231 37 42 239 238 31 38 368 300 33 47 382 270 44 45 388 243 36 38 438 259 39 41 478 292 50 50 335 228 26 33 354 224 24 32 262 220 29 21
positive/highway_mp4-52_jpg.rf.715cfe790aaa37df5bbb6e4a08a106a4.jpg 5 146 228 86 90 180 180 45 47 108 180 66 61 340 140 23 29 385 132 29 28
positive/highway_mp4-52_jpg.rf.8592b291a1855610a6fb707e0a3a982d.jpg 5 146 228 86 90 180 180 45 47 108 180 66 61 340 140 23 29 385 132 29 28
positive/highway_mp4-52_jpg.rf.c7277090dcf708569d1bf8195b2f1342.jpg 5 146 228 86 90 180 180 45 47 108 180 66 61 340 140 23 29 385 132 29 28
positive/highway_mp4-53_jpg.rf.32f78649ff32090255bc9c546a7a7205.jpg 1 252 130 19 26
positive/highway_mp4-53_jpg.rf.63b971e24e828ae972731571f5e6d96f.jpg 1 252 130 19 26
positive/highway_mp4-53_jpg.rf.828f17a45d3bcb028bbbe57a6c4ccc3b.jpg 1 252 130 19 26
positive/highway_mp4-54_jpg.rf.18d146fe75c92bca721e2b7d87ad35c7.jpg 2 210 149 44 49 264 126 19 25
positive/highway_mp4-54_jpg.rf.49696b9a42100370508dc9b7ac9902d5.jpg 2 210 149 44 49 264 126 19 25
positive/highway_mp4-54_jpg.rf.8cac77028cdf013e1493e3d7cddf5142.jpg 2 210 149 44 49 264 126 19 25
positive/highway_mp4-55_jpg.rf.33bdd3a94c55b78a6db68afe73315f0e.jpg 4 234 142 38 38 231 130 24 22 117 216 55 60 405 243 66 69
positive/highway_mp4-55_jpg.rf.433729c31ab6c95c9dcc585246c050f4.jpg 4 234 142 38 38 231 130 24 22 117 216 55 60 405 243 66 69
positive/highway_mp4-55_jpg.rf.8d8c2c2aa11ee2ca501e3ae0b5411feb.jpg 4 234 142 38 38 231 130 24 22 117 216 55 60 405 243 66 69
positive/highway_mp4-56_jpg.rf.013425a512030851a4338313bf1f4535.jpg 5 169 178 50 64 192 151 30 34 366 155 35 46 430 184 44 47 510 208 92 83
positive/highway_mp4-56_jpg.rf.a40a9a5a783f564f04b7bcc4e3decba7.jpg 5 169 178 50 64 192 151 30 34 366 155 35 46 430 184 44 47 510 208 92 83
positive/highway_mp4-56_jpg.rf.c1185506f15c2bab2a527cdd8b163829.jpg 5 169 178 50 64 192 151 30 34 366 155 35 46 430 184 44 47 510 208 92 83
positive/highway_mp4-57_jpg.rf.67cac6645f174e62d911cdd209bbab36.jpg 7 89 202 63 65 371 206 56 66 446 187 57 65 432 153 48 45 388 142 34 32 354 126 29 27 244 124 39 30
positive/highway_mp4-57_jpg.rf.8c1a0b4d6e5b86208bd6b72353490901.jpg 7 89 202 63 65 371 206 56 66 446 187 57 65 432 153 48 45 388 142 34 32 354 126 29 27 244 124 39 30
positive/highway_mp4-57_jpg.rf.9e176a2234b165ca946c7f7429001e65.jpg 7 89 202 63 65 371 206 56 66 446 187 57 65 432 153 48 45 388 142 34 32 354 126 29 27 244 124 39 30
positive/highway_mp4-58_jpg.rf.a079fdf31f8d14a84fd5cefbc298cb72.jpg 8 360 180 49 64 399 182 54 60 524 213 66 64 401 138 31 38 347 138 31 35 215 136 36 47 237 112 27 29 374 117 24 21
positive/highway_mp4-59_jpg.rf.4c6f93072102b10550067d098e9a1c88.jpg 12 118 187 65 73 193 123 42 40 225 108 24 40 246 112 29 30 372 204 59 72 415 200 62 73 455 179 52 61 438 141 33 43 373 132 28 35 342 127 33 29 344 111 25 27 381 108 22 31
positive/highway_mp4-5_jpg.rf.2476948bac61ba7fcd9212135826f735.jpg 12 399 306 70 78 555 352 84 88 451 272 35 42 182 286 57 84 133 263 39 55 246 242 34 40 246 216 25 32 342 249 25 33 357 239 25 31 367 228 23 26 399 233 28 35 417 251 31 37
positive/highway_mp4-5_jpg.rf.5d74df201d9dd85478a7020d38451026.jpg 12 399 306 70 78 555 352 84 88 451 272 35 42 182 286 57 84 133 263 39 55 246 242 34 40 246 216 25 32 342 249 25 33 357 239 25 31 367 228 23 26 399 233 28 35 417 251 31 37
positive/highway_mp4-5_jpg.rf.686066d334ce285bebf0d6a88ca8f0b7.jpg 12 399 306 70 78 555 352 84 88 451 272 35 42 182 286 57 84 133 263 39 55 246 242 34 40 246 216 25 32 342 249 25 33 357 239 25 31 367 228 23 26 399 233 28 35 417 251 31 37
positive/highway_mp4-60_jpg.rf.6d22c69554b6d2f151132039e435ec57.jpg 10 516 208 84 67 428 158 49 53 113 171 67 63 180 135 33 37 212 145 29 32 267 117 23 27 344 139 36 39 377 139 31 38 402 133 29 35 355 111 26 26
positive/highway_mp4-61_jpg.rf.68e6373c548bc954a11bbe4041e3fcb0.jpg 10 492 183 61 66 65 207 58 48 96 218 63 74 235 147 34 41 435 147 30 47 393 129 24 33 342 116 22 32 284 119 32 26 362 117 13 24 373 114 35 25
positive/highway_mp4-61_jpg.rf.836c1bb0d55c889812421e125138474e.jpg 10 492 183 61 66 65 207 58 48 96 218 63 74 235 147 34 41 435 147 30 47 393 129 24 33 342 116 22 32 284 119 32 26 362 117 13 24 373 114 35 25
positive/highway_mp4-61_jpg.rf.9e74f91ee7d0bf51b69f78a9e5eb699d.jpg 10 492 183 61 66 65 207 58 48 96 218 63 74 235 147 34 41 435 147 30 47 393 129 24 33 342 116 22 32 284 119 32 26 362 117 13 24 373 114 35 25
positive/highway_mp4-62_jpg.rf.7c45d019cc2811c028c4ad985d884c4b.jpg 9 111 245 84 105 432 233 79 82 439 181 61 54 421 136 39 43 267 143 37 47 399 118 24 30 264 108 17 21 369 108 30 33 295 108 20 26
positive/highway_mp4-62_jpg.rf.8ec93686c95b0b9763f4e7749dd4d916.jpg 9 111 245 84 105 432 233 79 82 439 181 61 54 421 136 39 43 267 143 37 47 399 118 24 30 264 108 17 21 369 108 30 33 295 108 20 26
positive/highway_mp4-62_jpg.rf.db548fd4d4c5981f306d8e71eb677e8b.jpg 9 111 245 84 105 432 233 79 82 439 181 61 54 421 136 39 43 267 143 37 47 399 118 24 30 264 108 17 21 369 108 30 33 295 108 20 26
positive/highway_mp4-63_jpg.rf.8b63675c34ca19cb9bee51c3346e8f0f.jpg 7 387 243 70 99 208 218 59 88 495 170 64 73 377 144 35 49 232 120 28 29 285 123 22 29 394 111 26 31
positive/highway_mp4-63_jpg.rf.d443aeebe6eff468a80272352560478b.jpg 7 387 243 70 99 208 218 59 88 495 170 64 73 377 144 35 49 232 120 28 29 285 123 22 29 394 111 26 31
positive/highway_mp4-63_jpg.rf.e3ea085aa2b5bcfeae8de6839c10cf94.jpg 7 387 243 70 99 208 218 59 88 495 170 64 73 377 144 35 49 232 120 28 29 285 123 22 29 394 111 26 31
positive/highway_mp4-64_jpg.rf.02622fe3de53cd645a96117a0c37b322.jpg 11 168 169 48 50 256 156 37 49 375 227 69 77 403 176 53 61 456 188 55 68 537 210 84 93 507 327 126 162 354 147 36 54 423 132 47 51 266 108 30 45 358 117 41 39
positive/highway_mp4-65_jpg.rf.0a05dd9bb03a59175f299ad51290ad95.jpg 11 167 297 77 126 415 384 140 176 548 246 81 83 402 179 43 52 448 152 26 43 372 131 36 49 397 132 32 46 356 149 33 40 345 123 24 36 239 117 49 64 219 114 36 32
positive/highway_mp4-65_jpg.rf.ae338d16156301b4e43e5a65b49d6070.jpg 11 167 297 77 126 415 384 140 176 548 246 81 83 402 179 43 52 448 152 26 43 372 131 36 49 397 132 32 46 356 149 33 40 345 123 24 36 239 117 49 64 219 114 36 32
positive/highway_mp4-65_jpg.rf.c52c0d0a29885fea7467bd1749ca5cda.jpg 11 167 297 77 126 415 384 140 176 548 246 81 83 402 179 43 52 448 152 26 43 372 131 36 49 397 132 32 46 356 149 33 40 345 123 24 36 239 117 49 64 219 114 36 32
positive/highway_mp4-5_jpg.rf.2476948bac61ba7fcd9212135826f735.jpg 11 126 265 52 55 177 295 56 68 401 307 68 63 449 274 52 48 413 250 37 38 394 233 35 34 366 228 26 22 357 240 38 28 341 246 37 35 248 241 30 30 245 220 28 26
positive/highway_mp4-5_jpg.rf.5d74df201d9dd85478a7020d38451026.jpg 11 126 265 52 55 177 295 56 68 401 307 68 63 449 274 52 48 413 250 37 38 394 233 35 34 366 228 26 22 357 240 38 28 341 246 37 35 248 241 30 30 245 220 28 26
positive/highway_mp4-5_jpg.rf.686066d334ce285bebf0d6a88ca8f0b7.jpg 11 126 265 52 55 177 295 56 68 401 307 68 63 449 274 52 48 413 250 37 38 394 233 35 34 366 228 26 22 357 240 38 28 341 246 37 35 248 241 30 30 245 220 28 26
positive/highway_mp4-66_jpg.rf.3515f06491547c7967ed9db4832d011c.jpg 12 181 130 35 49 233 108 21 28 357 166 37 48 408 175 57 76 494 220 65 76 446 151 37 54 410 121 24 38 376 136 24 33 360 111 21 32 341 120 28 28 379 112 21 24 177 156 96 85
positive/highway_mp4-67_jpg.rf.3440dc3ac7b3d5d96368186efcb81862.jpg 8 74 188 65 64 199 127 38 40 344 124 24 33 359 110 24 35 377 138 34 36 409 136 36 43 405 121 27 31 390 103 18 25
positive/highway_mp4-67_jpg.rf.5eab3d6a0d08c9c8daf84a1a06ded2e5.jpg 8 74 188 65 64 199 127 38 40 344 124 24 33 359 110 24 35 377 138 34 36 409 136 36 43 405 121 27 31 390 103 18 25
positive/highway_mp4-67_jpg.rf.fb5830a64700deb72241c116a0233e13.jpg 8 74 188 65 64 199 127 38 40 344 124 24 33 359 110 24 35 377 138 34 36 409 136 36 43 405 121 27 31 390 103 18 25
positive/highway_mp4-68_jpg.rf.355eeceb37f2fee9f62193045d15db11.jpg 11 455 250 128 120 475 457 162 181 120 167 49 48 231 108 23 28 244 112 21 31 272 101 24 29 363 115 22 36 294 106 15 22 381 115 23 29 389 106 20 28 335 104 23 23
positive/highway_mp4-68_jpg.rf.a7dc72f9d551d49be923f7a29e957b19.jpg 11 455 250 128 120 475 457 162 181 120 167 49 48 231 108 23 28 244 112 21 31 272 101 24 29 363 115 22 36 294 106 15 22 381 115 23 29 389 106 20 28 335 104 23 23
positive/highway_mp4-68_jpg.rf.f42dc1bf60e00c615d8342a205a625ab.jpg 11 455 250 128 120 475 457 162 181 120 167 49 48 231 108 23 28 244 112 21 31 272 101 24 29 363 115 22 36 294 106 15 22 381 115 23 29 389 106 20 28 335 104 23 23
positive/highway_mp4-69_jpg.rf.135df43c526042aea3f778a8a2439405.jpg 7 478 167 63 73 385 152 49 44 358 175 49 51 274 133 30 31 250 118 36 48 214 130 33 54 196 127 27 38
positive/highway_mp4-69_jpg.rf.49d4007e1728788ff33b60242f81e99e.jpg 7 478 167 63 73 385 152 49 44 358 175 49 51 274 133 30 31 250 118 36 48 214 130 33 54 196 127 27 38
positive/highway_mp4-69_jpg.rf.d21082eefbf36480d454b28623098b65.jpg 7 478 167 63 73 385 152 49 44 358 175 49 51 274 133 30 31 250 118 36 48 214 130 33 54 196 127 27 38
positive/highway_mp4-6_jpg.rf.1ff824c46044a8d30c7fe98e34f981d4.jpg 8 183 281 68 65 220 229 33 42 367 241 36 45 406 237 26 42 443 267 43 44 392 229 20 26 339 222 15 26 346 220 24 24
positive/highway_mp4-6_jpg.rf.44acf236ba11addd0ca21380889cce6e.jpg 8 183 281 68 65 220 229 33 42 367 241 36 45 406 237 26 42 443 267 43 44 392 229 20 26 339 222 15 26 346 220 24 24
positive/highway_mp4-6_jpg.rf.585fa0dc712540319434841b25bbc5a0.jpg 8 183 281 68 65 220 229 33 42 367 241 36 45 406 237 26 42 443 267 43 44 392 229 20 26 339 222 15 26 346 220 24 24
positive/highway_mp4-70_jpg.rf.5629740990bef67a0446b1c0325c4c77.jpg 7 107 174 38 49 119 190 57 69 196 158 39 65 229 194 54 61 340 124 34 36 358 109 35 47 422 124 38 39
positive/highway_mp4-70_jpg.rf.ada612a4b4167e8f716243c01611adc2.jpg 7 107 174 38 49 119 190 57 69 196 158 39 65 229 194 54 61 340 124 34 36 358 109 35 47 422 124 38 39
positive/highway_mp4-70_jpg.rf.ef4832b47a99dc45bee4d4eed8c52859.jpg 7 107 174 38 49 119 190 57 69 196 158 39 65 229 194 54 61 340 124 34 36 358 109 35 47 422 124 38 39
positive/highway_mp4-71_jpg.rf.24cf61fdc5921a4dbcb41cc24df9aa0e.jpg 4 387 109 34 37 256 99 22 34 337 103 24 30 352 101 21 29
positive/highway_mp4-72_jpg.rf.9483a6251f14a1b911c221fd577baa1b.jpg 2 378 244 82 99 235 126 27 35
positive/highway_mp4-73_jpg.rf.c7507a9a0a208b50c7dfb96bc7e1c056.jpg 4 175 152 58 67 349 141 43 49 457 160 43 48 455 186 72 81
positive/highway_mp4-74_jpg.rf.6ef113f4bccaf794aa7584ca29edfe6b.jpg 5 395 135 33 39 410 124 30 39 339 118 35 33 260 122 31 32 5 271 77 142
positive/highway_mp4-75_jpg.rf.38b85f913c310ac1ead52f056e3937d2.jpg 4 221 151 44 48 227 117 26 32 259 117 30 37 376 115 20 26
positive/highway_mp4-75_jpg.rf.9fc87fe20a3912e911f988898ce79b18.jpg 4 221 151 44 48 227 117 26 32 259 117 30 37 376 115 20 26
positive/highway_mp4-75_jpg.rf.cec6b8749c3bcc0d0c15d4d3ed9aefd2.jpg 4 221 151 44 48 227 117 26 32 259 117 30 37 376 115 20 26
positive/highway_mp4-76_jpg.rf.a9f91a8f0ada583e4ae187e42175b0c5.jpg 5 95 241 99 108 216 145 53 65 173 136 44 45 217 124 39 43 262 110 33 34
positive/highway_mp4-76_jpg.rf.e6d980b1e595d800fbc32cb29a6b6f24.jpg 5 95 241 99 108 216 145 53 65 173 136 44 45 217 124 39 43 262 110 33 34
positive/highway_mp4-76_jpg.rf.f1ae0edb67b0c9535d93510d331f8fd5.jpg 5 95 241 99 108 216 145 53 65 173 136 44 45 217 124 39 43 262 110 33 34
positive/highway_mp4-77_jpg.rf.983cd4f82191ded9e560194e2d3f9115.jpg 6 16 291 147 190 68 179 78 78 143 166 52 78 229 129 51 57 387 166 73 79 254 101 31 28
positive/highway_mp4-78_jpg.rf.ab72b407018fb6548519f092b83eb495.jpg 5 104 217 107 126 514 354 123 137 551 226 88 93 228 110 39 50 358 125 48 50
positive/highway_mp4-78_jpg.rf.cf81e3cc21d9592eb835e2a39283dda5.jpg 5 104 217 107 126 514 354 123 137 551 226 88 93 228 110 39 50 358 125 48 50
positive/highway_mp4-78_jpg.rf.e69cb7183b6c20de1ce402a8bbd5435a.jpg 5 104 217 107 126 514 354 123 137 551 226 88 93 228 110 39 50 358 125 48 50
positive/highway_mp4-79_jpg.rf.125cf255b0ec772aef13f433ee69fc8b.jpg 4 165 156 63 60 389 165 56 63 432 144 55 54 356 108 19 27
positive/highway_mp4-79_jpg.rf.3727073f82e2fef29f0f89e6974c96bb.jpg 4 165 156 63 60 389 165 56 63 432 144 55 54 356 108 19 27
positive/highway_mp4-79_jpg.rf.df5b4e9b53d7ea08b1640eaa5c718362.jpg 4 165 156 63 60 389 165 56 63 432 144 55 54 356 108 19 27
positive/highway_mp4-7_jpg.rf.d53cdcd50411fc78360c628b77775d34.jpg 5 157 293 61 68 458 290 59 67 407 255 25 30 355 237 27 31 384 232 29 31
positive/highway_mp4-80_jpg.rf.26c6152a2b869cdbf134be1d7ee9c5bc.jpg 6 441 240 90 92 471 207 63 67 369 129 19 30 400 117 20 30 344 99 23 18 264 96 21 28
positive/highway_mp4-80_jpg.rf.981272c5c554fe74d475e6db76e8b5b0.jpg 6 441 240 90 92 471 207 63 67 369 129 19 30 400 117 20 30 344 99 23 18 264 96 21 28
positive/highway_mp4-80_jpg.rf.c5fcd962a5e5cef09ca94f433bf28de6.jpg 6 441 240 90 92 471 207 63 67 369 129 19 30 400 117 20 30 344 99 23 18 264 96 21 28
positive/highway_mp4-81_jpg.rf.3aa5bce377e20d744d053bcca3bfc9a2.jpg 6 471 199 66 69 405 142 42 43 384 156 44 46 244 107 32 33 378 100 17 22 354 110 20 21
positive/highway_mp4-81_jpg.rf.415aa3c630222d99daf1731d4908d711.jpg 6 471 199 66 69 405 142 42 43 384 156 44 46 244 107 32 33 378 100 17 22 354 110 20 21
positive/highway_mp4-81_jpg.rf.58641a77f9033f900740bff7a3d8a198.jpg 6 471 199 66 69 405 142 42 43 384 156 44 46 244 107 32 33 378 100 17 22 354 110 20 21
positive/highway_mp4-82_jpg.rf.bd670d70d25af7e6a3c550bfa2293401.jpg 5 405 138 32 42 551 266 85 102 201 123 58 60 365 119 28 35 382 115 22 35
positive/highway_mp4-83_jpg.rf.727829538c70b2f06ad8557d800cc33e.jpg 5 93 182 93 82 417 153 54 57 381 105 32 49 357 106 30 28 275 105 19 21
positive/highway_mp4-84_jpg.rf.6cdc68695ecc45de83a265fd287536bb.jpg 5 254 126 29 31 423 155 39 48 491 186 58 68 386 121 35 40 252 103 19 29
positive/highway_mp4-85_jpg.rf.12da2b8c702e5ac553d4f0b3845677f1.jpg 6 192 174 51 64 222 119 39 41 258 117 28 29 385 126 26 36 421 134 32 43 369 104 27 33
positive/highway_mp4-86_jpg.rf.2e480495f6afc5175157b81910abad04.jpg 5 161 157 55 56 228 144 36 42 246 100 38 33 387 108 35 36 534 363 102 140
positive/highway_mp4-86_jpg.rf.ef16f9d002719738ae8ac2d6c233cad2.jpg 5 161 157 55 56 228 144 36 42 246 100 38 33 387 108 35 36 534 363 102 140
positive/highway_mp4-86_jpg.rf.fbaa698725440a305e7f545f8ee7afc5.jpg 5 161 157 55 56 228 144 36 42 246 100 38 33 387 108 35 36 534 363 102 140
positive/highway_mp4-87_jpg.rf.ac8944d1ef361d67d270caf043e75cb6.jpg 4 132 230 67 91 363 206 61 76 396 171 58 63 226 121 36 32
positive/highway_mp4-88_jpg.rf.8e3cb068af39bf3ab35facfa05a58abd.jpg 5 360 186 48 55 348 137 27 42 369 130 27 35 173 159 50 52 285 108 23 29
positive/highway_mp4-89_jpg.rf.1434d89925edd055d8ca1b92f32c0e70.jpg 8 414 206 68 77 462 168 54 47 2 284 76 115 267 135 32 39 276 114 25 28 345 134 35 38 338 108 21 36 352 105 32 33
positive/highway_mp4-89_jpg.rf.85f7f00e35f9c4faf68ba509e66696b0.jpg 8 414 206 68 77 462 168 54 47 2 284 76 115 267 135 32 39 276 114 25 28 345 134 35 38 338 108 21 36 352 105 32 33
positive/highway_mp4-89_jpg.rf.9c1106f7fb35c5f87e8312fa58837463.jpg 8 414 206 68 77 462 168 54 47 2 284 76 115 267 135 32 39 276 114 25 28 345 134 35 38 338 108 21 36 352 105 32 33
positive/highway_mp4-8_jpg.rf.489488ed05dfc76a130318f1fb330a56.jpg 4 410 298 58 57 412 278 33 38 257 252 24 31 384 253 26 31
positive/highway_mp4-8_jpg.rf.6ead6028a76eeb0ac1e7d8c87ed4888a.jpg 4 410 298 58 57 412 278 33 38 257 252 24 31 384 253 26 31
positive/highway_mp4-8_jpg.rf.a6dde82884e5a00d491e239c9187ef35.jpg 4 410 298 58 57 412 278 33 38 257 252 24 31 384 253 26 31
positive/highway_mp4-90_jpg.rf.924f5b7d06d33ec2277927a613303380.jpg 6 222 177 71 76 254 141 37 35 214 111 34 38 366 144 52 39 407 127 38 34 337 112 21 24
positive/highway_mp4-91_jpg.rf.6435442699b2a11983164b763475a510.jpg 8 209 198 54 82 162 129 46 66 222 108 27 32 230 120 28 32 247 120 32 37 410 166 65 45 350 108 30 38 389 110 21 27
positive/highway_mp4-91_jpg.rf.f70c65f66515d28e3328f0107a78ae65.jpg 8 209 198 54 82 162 129 46 66 222 108 27 32 230 120 28 32 247 120 32 37 410 166 65 45 350 108 30 38 389 110 21 27
positive/highway_mp4-91_jpg.rf.f7df125cbf0216197a80c7fff6c2e978.jpg 8 209 198 54 82 162 129 46 66 222 108 27 32 230 120 28 32 247 120 32 37 410 166 65 45 350 108 30 38 389 110 21 27
positive/highway_mp4-92_jpg.rf.1d69408f47dc56830cdb4d8d2f017345.jpg 6 26 206 77 89 214 157 34 63 176 157 48 45 188 139 36 33 234 112 32 39 382 127 30 38
positive/highway_mp4-92_jpg.rf.778a2091ef85bd49e01cf9b8cdd28837.jpg 6 26 206 77 89 214 157 34 63 176 157 48 45 188 139 36 33 234 112 32 39 382 127 30 38
positive/highway_mp4-92_jpg.rf.ca20c75a1e4c5d1f20f8f666e87d58ee.jpg 6 26 206 77 89 214 157 34 63 176 157 48 45 188 139 36 33 234 112 32 39 382 127 30 38
positive/highway_mp4-93_jpg.rf.1a83bd6bf945e6e1fa7a609cb6c333e1.jpg 3 83 181 61 65 176 133 63 72 368 105 21 31
positive/highway_mp4-93_jpg.rf.9b41a270f5a49ab00fa2d82017e5bec7.jpg 3 83 181 61 65 176 133 63 72 368 105 21 31
positive/highway_mp4-93_jpg.rf.e81d37439541707b3166f2a50d762654.jpg 3 83 181 61 65 176 133 63 72 368 105 21 31
positive/highway_mp4-94_jpg.rf.37431f00428f32351c4e95917c52fe35.jpg 2 227 106 28 31 0 261 96 155
positive/highway_mp4-94_jpg.rf.adca3aa66f0be43bd2ece03b1e7da7f4.jpg 2 227 106 28 31 0 261 96 155
positive/highway_mp4-94_jpg.rf.b12e4923173a7205d2581feb129e8e9d.jpg 2 227 106 28 31 0 261 96 155
positive/highway_mp4-95_jpg.rf.465a02daac22b63e5e7dd96602a4dc50.jpg 2 194 133 36 34 248 106 24 33
positive/highway_mp4-95_jpg.rf.94ce234d776c5e51c77620d33cf5e903.jpg 2 194 133 36 34 248 106 24 33
positive/highway_mp4-95_jpg.rf.b4ff5549a362da3158450c152a774070.jpg 2 194 133 36 34 248 106 24 33
positive/highway_mp4-96_jpg.rf.6ed58ba86ecf9532e7d6cf22a3ba6f7b.jpg 4 218 130 30 41 246 103 30 31 112 171 54 50 285 104 28 34
positive/highway_mp4-96_jpg.rf.a8e7f236776b61d11befe9c8479da19e.jpg 4 218 130 30 41 246 103 30 31 112 171 54 50 285 104 28 34
positive/highway_mp4-96_jpg.rf.af58cc72ea2d6f8c5ee7f2c9e1bb523f.jpg 4 218 130 30 41 246 103 30 31 112 171 54 50 285 104 28 34
positive/highway_mp4-97_jpg.rf.0b99d97cfe3830e4f6c50146f63dc0c5.jpg 4 365 211 68 80 396 179 53 65 473 226 90 81 536 223 81 84
positive/highway_mp4-97_jpg.rf.7818faed0f7049d07d057844a1cb2569.jpg 4 365 211 68 80 396 179 53 65 473 226 90 81 536 223 81 84
positive/highway_mp4-97_jpg.rf.8b1115a7a3d6e9509a82c997d777b370.jpg 4 365 211 68 80 396 179 53 65 473 226 90 81 536 223 81 84
positive/highway_mp4-98_jpg.rf.1cb37588a4fcfaf797c6b43dc7c42c5b.jpg 7 136 169 58 72 229 163 58 73 274 121 25 39 345 139 34 45 359 126 36 44 398 138 45 51 426 136 41 48
positive/highway_mp4-98_jpg.rf.6fc33fc4b82411cd50ca436e41b62477.jpg 7 136 169 58 72 229 163 58 73 274 121 25 39 345 139 34 45 359 126 36 44 398 138 45 51 426 136 41 48
positive/highway_mp4-98_jpg.rf.7df96ccd5a7e8678a0360fd998373547.jpg 7 136 169 58 72 229 163 58 73 274 121 25 39 345 139 34 45 359 126 36 44 398 138 45 51 426 136 41 48
positive/highway_mp4-99_jpg.rf.716cee44bbc5f59b294c81ddc493b08d.jpg 6 245 163 39 51 41 376 151 251 414 210 65 79 331 108 37 41 374 108 19 38 392 111 27 34
positive/highway_mp4-9_jpg.rf.a141183c30c8af70ecaa04acca75721c.jpg 4 394 424 88 116 377 267 42 43 228 265 36 44 276 263 29 28